-2392.89418164
-2392.88536889
-2392.83899188
-2392.84873151
-2392.88673236
-2392.88258857
-2392.88238869
-2392.88499154
-2392.83232967
-2392.82799972
-2392.83050707
-2392.86194735
-2392.88170536
-2392.88091344
-2392.88082533
-2392.82286181
-2392.81529973
-2392.87839093
-2392.85853207
-2392.82611791
-2392.87987444
-2392.85212375
-2392.87096217
-2392.81361540
-2392.86730102
-2392.80907782
-2392.84779922
-2392.86191302
-2392.81429619
-2392.86926211
-2392.86931387
-2392.86881206
-2392.86719114
-2392.86675743
-2392.86832162
-2392.87332446
-2392.83004828
-2392.83488105
-2392.88191551
-2392.82740200
-2392.88292302
-2392.88573841
-2392.88843835
-2392.84605016
-2392.84584952
-2392.85081957
-2392.88435691
-2392.85139163
-2392.84375857
-2392.84636103
-2392.83139872
-2392.83609575
-2392.88050430
-2392.84153450
-2392.87678405
-2392.85684076
-2392.85628756
-2392.85611950
-2392.82333641
-2392.82107475
-2392.86084205
-2392.86561366
-2392.81039271
-2392.81862162
-2392.86801297
-2392.82782640
-2392.86920806
-2392.87239932
-2392.87215299
-2392.86916052
-2392.80882590
-2392.81155057
-2392.86363057
-2392.81271475
-2392.81703188
-2392.85846099
-2392.81821026
-2392.82127226
-2392.86508250
-2392.86979961
-2392.86624672
-2392.86688987
-2392.87172705
-2392.83833481
-2392.86600126
-2392.86060171
-2392.87448644
-2392.86102294
-2392.87069833
-2392.85247951
-2392.86957345
-2392.86593100
-2392.86228793
-2392.86819584
-2392.87002093
-2392.86237968
-2392.86371235
-2392.86716774
-2392.86705595
-2392.86028073
-2392.87368643
-2392.87471150
-2392.87697035
-2392.82289004
-2392.85881421
-2392.87173233
-2392.87371110
-2392.87402572
-2392.87633608
-2392.87536191
-2392.84667932
-2392.87383721
-2392.83345998
-2392.86835534
-2392.87398600
-2392.83806305
-2392.82791437
-2392.86462706
-2392.85792060
-2392.86999306
-2392.86540507
-2392.86957054
-2392.86832589
-2392.86978839
-2392.87103799
-2392.82588670
-2392.82389773
-2392.86952243
-2392.82846829
-2392.82910511
-2392.86946262
-2392.86713288
-2392.86225291
-2392.86695843
-2392.80841888
-2392.82767102
-2392.84643156
-2392.86050488
-2392.87250937
-2392.83634952
-2392.87223952
-2392.87818940
-2392.86124355
-2392.84329633
-2392.85780747
-2392.85636873
-2392.85730804
-2392.86154250
-2392.86689182
